23.233 1.65132 17.9734 2.40847 22.9838 2.58298 20.7067 3.51177 18.9079 2.40435 17.3376 2.24488 17.4712 2.32847 18.1269 2.5558 19.1211 3.17854 19.8468 2.24442 
22.1003 2.27174 18.7372 1.65442 17.1167 1.3775 17.1607 1.56516 18.9313 1.56333 18.8182 1.62867 17.8792 1.5117 21.2758 1.50707 17.23 1.47725 17.4012 1.31585 
18.8252 1.28299 18.5022 1.02806 17.3419 1.40091 16.6702 1.01248 22.3017 1.02427 17.8069 1.01051 17.2383 1.0694 16.5852 1.00389 16.919 0.978777 17.5768 0.972802 
21.8977 46.7582 22.4091 40.7542 12.1443 40.2466 11.9347 40.0373 11.96 49.7582 13.8466 40.2544 12.3621 39.7932 12.3117 40.6127 12.5048 39.6408 12.585 40.1652

20.8773 0.69726 18.5053 1.27142 27.9543 1.46524 19.4309 1.56517 18.0778 1.4168 32.0144 1.72011 16.745 1.29909 20.3545 1.51528 17.5586 1.43879 21.7536 1.57534 
17.5098 1.10944 20.7076 1.17177 19.9185 1.07136 21.021 1.59729 21.2828 1.17712 37.7963 1.21706 20.8409 1.07406 21.605 1.18188 21.1951 1.12807 26.8177 1.25556 
24.4899 1.59797 22.6935 0.898475 20.7739 1.30004 23.9236 0.934832 23.6579 1.01343 37.4881 0.925927 19.7928 1.30831 21.752 1.04466 20.5326 1.02191 27.9805 0.930143 
20.8658 45.3382 17.5818 39.6972 19.1621 39.3766 13.5914 38.8839 13.412 41.3174 28.206 40.314 11.8081 39.1846 14.7021 39.6924 13.1397 38.8872 18.4924 39.4775

3.85125 5.3981 2.35264 5.28579 3.63801 5.13031 2.05219 4.47046 2.1151 3.99952 2.01606 4.4932 2.12816 4.47835 2.03874 4.51349 2.15748 4.25511 2.16699 5.26609 
2.25363 1.99492 1.99467 1.64182 2.0003 1.55514 2.04518 2.08561 2.1353 1.57828 2.10804 1.62983 2.06586 1.63005 2.09367 2.50707 2.06958 1.85441 2.14844 1.64006 
2.14372 1.66662 2.07706 1.82659 2.08229 1.56328 2.03113 1.55656 2.04022 1.53247 2.09234 1.61811 2.25851 1.59907 2.01679 1.81248 2.1385 1.52566 2.19109 1.62319 
2.10258 47.4041 2.08997 46.4667 1.99723 43.3431 2.10952 43.8969 2.6978 43.0698 2.04477 43.3534 2.25386 43.374 2.34239 47.8354 2.3608 43.6099 2.15171 42.7669

43.3128 4.0836 43.02 3.16238 41.929 3.30989 40.6228 3.13761 41.3007 3.27908 41.9378 3.6299 44.3017 3.4311 39.787 3.30786 40.0797 3.14285 42.3019 2.92093 
41.7313 1.21507 40.9143 1.18336 40.8131 1.37542 40.9472 1.12161 49.2285 1.68892 40.8476 1.23506 42.2771 1.26322 41.6905 1.25633 39.8762 1.12448 39.4772 1.01705 
41.6597 4.93458 40.3871 4.83328 40.4501 4.60516 39.9649 4.54371 40.0514 4.66005 40.6881 4.76477 40.1306 4.96698 39.0299 4.57254 39.6659 4.6681 40.7746 4.76632 
42.8264 45.0331 41.4381 44.7891 41.7415 41.942 42.2467 42.7682 42.0805 42.6376 40.8695 41.217 42.9266 42.8121 47.1211 44.6748 40.4672 41.3862 40.5979 41.02 

19.3087 2.16791 8.38841 1.46524 11.398 1.34762 8.48262 2.00076 8.38129 1.45099 9.7984 1.99855 7.4455 1.61366 7.27187 1.65952 7.37347 1.73112 7.67573 1.66787 
7.99238 1.13476 9.69115 0.534888 7.37491 0.53182 7.21706 0.583581 7.19888 0.548778 7.46378 0.599963 7.46897 0.612176 7.32074 0.621545 7.54054 0.598016 7.65796 0.627107 
11.7675 6.47787 8.15124 5.52666 7.17027 4.78253 7.3705 4.56393 7.43959 4.64265 7.4334 4.62237 7.51763 4.74448 7.49084 4.64551 7.63183 4.6211 7.76388 4.88049 
11.0901 44.372 8.64054 46.0904 7.27416 40.5572 7.44876 41.3786 7.57084 40.2642 7.45549 39.444 7.38804 39.7852 7.3861 40.3263 7.52634 40.007 8.65018 49.7533

93.7555 1.9981 94.8827 2.47392 109.994 3.09783 140.101 1.85307 92.7975 1.92786 86.6453 3.00097 97.8852 2.97184 93.5535 3.59436 91.8489 2.18684 91.1934 2.91464 
93.1731 1.69802 90.7841 1.9023 86.6672 1.72989 90.3401 1.81154 91.1099 1.71125 94.6582 1.93105 88.7656 1.99421 88.4299 1.81258 100.356 1.84553 90.8456 1.72484 
99.6405 3.56343 96.8176 3.5301 93.5282 3.8721 93.6697 2.19118 88.2318 2.25707 91.2429 2.46076 90.576 2.27325 98.679 2.3479 83.6099 2.22752 87.6925 3.53521 
95.0997 47.011 88.1409 41.3072 73.3732 45.8704 73.5785 42.5076 78.2875 46.875 81.4579 50.592 87.2929 45.3177 83.2622 40.5872 67.2412 44.766 72.3745 42.0182 
79.1396 79.8878 82.7519 75.8508 65.8444 66.3056 90.9547 80.987 67.0943 61.2199 80.6012 75.6304 69.2278 60.6185 89.0203 63.5736 72.7582 70.3563 69.9797 72.1602

148.821 2.12573 149.831 1.86119 138.877 2.07755 141.143 1.77431 102.48 1.79452 105.229 1.69348 110.35 1.67149 103.533 1.85262 125.848 1.93228 126.803 2.23697 
114.436 0.845079 106.033 0.788753 106.577 0.760561 101.658 0.810841 101.335 0.802141 105.578 0.888182 101.726 0.967241 103.917 0.82104 110.915 0.867002 111.679 0.824212 

145.415 40.7687 136.743 39.8423 144.832 40.5638 132.614 40.062 133.607 40.1189 130.055 39.619 131.424 40.0114 132.211 39.6441 132.441 39.899 135.232 40.4091